143
87634G251 12345678G
1 2 3 4 5 6 7 8
87634G125 12345678G
1 2 3 4 5 6 7 8
876341G25 12345678G
1 2 3 4 5 6 7 8
87634G512 12345678G
1 2 3 4 5 6 7 8
87634125G 12345678G
1 2 3 4 5 6 7 8
8763412G5 12345678G
1 2 3 4 5 6 7 8
8763425G1 12345678G
1 2 3 4 5 6 7 8
876342G51 12345678G
1 2 3 4 5 6 7 8
876345G12 12345678G
1 2 3 4 5 6 7 8
87634251G 12345678G
1 2 3 4 5 6 7 8
87634512G 12345678G
1 2 3 4 5 6 7 8
8763451G2 12345678G
1 2 3 4 5 6 7 8
87635G214 12345678G
1 2 3 4 5 6 7 8
87635G142 12345678G
1 2 3 4 5 6 7 8
876351G42 12345678G
1 2 3 4 5 6 7 8
87635G421 12345678G
1 2 3 4 5 6 7 8
87635142G 12345678G
1 2 3 4 5 6 7 8
8763514G2 12345678G
1 2 3 4 5 6 7 8
8763521G4 12345678G
1 2 3 4 5 6 7 8
876352G14 12345678G
1 2 3 4 5 6 7 8
876354G21 12345678G
1 2 3 4 5 6 7 8
87635214G 12345678G
1 2 3 4 5 6 7 8
87635421G 12345678G
1 2 3 4 5 6 7 8
8763542G1 12345678G
1 2 3 4 5 6 7 8
8764G1325 12345678G
1 2 3 4 5 6 7 8
8764G1253 12345678G
1 2 3 4 5 6 7 8
8764G2135 12345678G
1 2 3 4 5 6 7 8
8764G1532 12345678G
1 2 3 4 5 6 7 8
8764G2513 12345678G
1 2 3 4 5 6 7 8
8764G2351 12345678G
1 2 3 4 5 6 7 8
8764G3215 12345678G
1 2 3 4 5 6 7 8
8764G3152 12345678G
1 2 3 4 5 6 7 8
8764G5123 12345678G
1 2 3 4 5 6 7 8
8764G3521 12345678G
1 2 3 4 5 6 7 8
8764G5312 12345678G
1 2 3 4 5 6 7 8
8764G5231 12345678G
1 2 3 4 5 6 7 8
87641G325 12345678G
1 2 3 4 5 6 7 8
87641G253 12345678G
1 2 3 4 5 6 7 8
876412G53 12345678G
1 2 3 4 5 6 7 8
87641G532 12345678G
1 2 3 4 5 6 7 8
87641253G 12345678G
1 2 3 4 5 6 7 8
8764125G3 12345678G
1 2 3 4 5 6 7 8
8764132G5 12345678G
1 2 3 4 5 6 7 8
876413G25 12345678G
1 2 3 4 5 6 7 8
876415G32 12345678G
1 2 3 4 5 6 7 8
87641325G 12345678G
1 2 3 4 5 6 7 8
87641532G 12345678G
1 2 3 4 5 6 7 8
8764153G2 12345678G
1 2 3 4 5 6 7 8
87642G351 12345678G
1 2 3 4 5 6 7 8
87642G135 12345678G
1 2 3 4 5 6 7 8
876421G35 12345678G
1 2 3 4 5 6 7 8
87642G513 12345678G
1 2 3 4 5 6 7 8
87642135G 12345678G
1 2 3 4 5 6 7 8
8764213G5 12345678G
1 2 3 4 5 6 7 8
8764235G1 12345678G
1 2 3 4 5 6 7 8
876423G51 12345678G
1 2 3 4 5 6 7 8
876425G13 12345678G
1 2 3 4 5 6 7 8
87642351G 12345678G
1 2 3 4 5 6 7 8
87642513G 12345678G
1 2 3 4 5 6 7 8
8764251G3 12345678G
1 2 3 4 5 6 7 8
87643G215 12345678G
1 2 3 4 5 6 7 8
87643G152 12345678G
1 2 3 4 5 6 7 8
876431G52 12345678G
1 2 3 4 5 6 7 8
87643G521 12345678G
1 2 3 4 5 6 7 8
87643152G 12345678G
1 2 3 4 5 6 7 8
8764315G2 12345678G
1 2 3 4 5 6 7 8
8764321G5 12345678G
1 2 3 4 5 6 7 8
876432G15 12345678G
1 2 3 4 5 6 7 8
876435G21 12345678G
1 2 3 4 5 6 7 8
87643215G 12345678G
1 2 3 4 5 6 7 8
87643521G 12345678G
1 2 3 4 5 6 7 8
8764352G1 12345678G
1 2 3 4 5 6 7 8
87645G231 12345678G
1 2 3 4 5 6 7 8
87645G123 12345678G
1 2 3 4 5 6 7 8
876451G23 12345678G
1 2 3 4 5 6 7 8
87645G312 12345678G
1 2 3 4 5 6 7 8
87645123G 12345678G
1 2 3 4 5 6 7 8
8764512G3 12345678G
1 2 3 4 5 6 7 8
8764523G1 12345678G
1 2 3 4 5 6 7 8
876452G31 12345678G
1 2 3 4 5 6 7 8
876453G12 12345678G
1 2 3 4 5 6 7 8
87645231G 12345678G
1 2 3 4 5 6 7 8
87645312G 12345678G
1 2 3 4 5 6 7 8
8764531G2 12345678G
1 2 3 4 5 6 7 8
8765G1342 12345678G
1 2 3 4 5 6 7 8
8765G1234 12345678G
1 2 3 4 5 6 7 8
8765G2143 12345678G
1 2 3 4 5 6 7 8
8765G1423 12345678G
1 2 3 4 5 6 7 8
8765G2431 12345678G
1 2 3 4 5 6 7 8
8765G2314 12345678G
1 2 3 4 5 6 7 8
8765G3241 12345678G
1 2 3 4 5 6 7 8
8765G3124 12345678G
1 2 3 4 5 6 7 8
8765G4132 12345678G
1 2 3 4 5 6 7 8
8765G3412 12345678G
1 2 3 4 5 6 7 8
8765G4321 12345678G
1 2 3 4 5 6 7 8
8765G4213 12345678G
1 2 3 4 5 6 7 8
87651G342 12345678G
1 2 3 4 5 6 7 8
87651G234 12345678G
1 2 3 4 5 6 7 8
876512G34 12345678G
1 2 3 4 5 6 7 8
87651G423 12345678G
1 2 3 4 5 6 7 8
87651234G 12345678G
1 2 3 4 5 6 7 8
8765123G4 12345678G
1 2 3 4 5 6 7 8
8765134G2 12345678G
1 2 3 4 5 6 7 8
876513G42 12345678G
1 2 3 4 5 6 7 8
876514G23 12345678G
1 2 3 4 5 6 7 8
87651342G 12345678G
1 2 3 4 5 6 7 8
87651423G 12345678G
1 2 3 4 5 6 7 8
8765142G3 12345678G
1 2 3 4 5 6 7 8
87652G314 12345678G
1 2 3 4 5 6 7 8
87652G143 12345678G
1 2 3 4 5 6 7 8
876521G43 12345678G
1 2 3 4 5 6 7 8
87652G431 12345678G
1 2 3 4 5 6 7 8
87652143G 12345678G
1 2 3 4 5 6 7 8
8765214G3 12345678G
1 2 3 4 5 6 7 8
8765231G4 12345678G
1 2 3 4 5 6 7 8
876523G14 12345678G
1 2 3 4 5 6 7 8
876524G31 12345678G
1 2 3 4 5 6 7 8
87652314G 12345678G
1 2 3 4 5 6 7 8
87652431G 12345678G
1 2 3 4 5 6 7 8
8765243G1 12345678G
1 2 3 4 5 6 7 8
87653G241 12345678G
1 2 3 4 5 6 7 8
87653G124 12345678G
1 2 3 4 5 6 7 8
876531G24 12345678G
1 2 3 4 5 6 7 8
87653G412 12345678G
1 2 3 4 5 6 7 8
87653124G 12345678G
1 2 3 4 5 6 7 8
8765312G4 12345678G
1 2 3 4 5 6 7 8
8765324G1 12345678G
1 2 3 4 5 6 7 8
876532G41 12345678G
1 2 3 4 5 6 7 8
876534G12 12345678G
1 2 3 4 5 6 7 8
87653241G 12345678G
1 2 3 4 5 6 7 8
87653412G 12345678G
1 2 3 4 5 6 7 8
8765341G2 12345678G
1 2 3 4 5 6 7 8
87654G213 12345678G
1 2 3 4 5 6 7 8
87654G132 12345678G
1 2 3 4 5 6 7 8
876541G32 12345678G
1 2 3 4 5 6 7 8
87654G321 12345678G
1 2 3 4 5 6 7 8
87654132G 12345678G
1 2 3 4 5 6 7 8
8765413G2 12345678G
1 2 3 4 5 6 7 8
8765421G3 12345678G
1 2 3 4 5 6 7 8
876542G13 12345678G
1 2 3 4 5 6 7 8
876543G21 12345678G
1 2 3 4 5 6 7 8
87654213G 12345678G
1 2 3 4 5 6 7 8
87654321G 12345678G
1 2 3 4 5 6 7 8